Timestamp	10.5.0.115x	y	Distance to master	10.5.11.225x	y	Distance to master	Detect Position x	y
1706868603698	1.24276940921031	-0.20976714558745607	2.250996844379068	3.0729099600645187	2.382046828951566	-0.9881174818857503
1706868604313	1.3704978527868181	0.15555005072804162	2.2508333115053123	3.0689039592840386	1.4256168395282984	-0.2003324331133034
1706868604485	1.396865738300314	0.24636824585107198	2.250745444286558	3.0689893524967093	1.475026254888565	-0.3099381341527425
1706868604901	1.4893378272575417	0.47774063274650375	2.2510985221641326	3.068755092297608	
1706868605313	1.6589306521771559	0.696461726183915	2.25152604525947	3.069426314044807	1.6959141517357845	-0.7356241652275735
1706868605867	1.7683956332828688	0.9760002131047456	2.2501567531863684	3.0705293664159172	1.8148745835071507	-1.02454735893649
1706868606078	1.7829698116882988	1.0900200346241826	2.2496016362535607	3.0703999508229805	1.8343369500385946	-1.1457241423006692
1706868606481	1.7665267368642295	1.3838459931738007	2.249548957877871	3.0704419874722566	2.7940675991249746	-1.695343580693944
1706868606693	1.786280483734317	1.5060722805297149	2.2489489379569005	3.07034264105501	
1706868607073	1.8559498578002773	1.7241560454221116	2.2499025318916077	3.069373422043101	2.8285645362536815	-1.8566050167336694
1706868607277	1.9058753866510294	1.8297114667204237	2.2505023722170927	3.0672654022247197	3.567745957550912	-1.9707220716767693
1706868607865	2.025146291849199	2.1152919357371442	2.2413501653288495	3.014059981083662	
1706868608300	2.0550038646125373	2.2667224791402587	2.241558834976168	3.0213152756754904	2.1174229821947	-2.2309840005811363
1706868608686	2.099689993305483	2.3203526936867385	2.235571194743539	3.020824070969885	
1706868608908	2.1370535950729814	2.2687717946831154	2.2360766104040417	3.0212152785554833	2.1250292394660097	-2.210304963492985
1706868609489	2.186617957854027	2.0301009664763363	2.24439145417802	3.0243325140573987	2.2522057709678593	-2.078574908620015
1706868609651	2.1882292166504844	1.9565266952579745	2.245353224752852	3.0241101280826346	2.359350789633856	-1.9853958280805988
1706868610057	2.194439372302152	1.8034340390024732	2.245840217961107	3.025625595779506	2.292409851064195	-1.873627588605676
1706868610640	2.319967665893896	1.534923893244049	2.241431212988243	3.030419527030043	2.329428398321303	-1.683973887832301
1706868610785	2.3163596221378873	1.4804341554641725	2.2405526095894017	3.03163773387673	2.991965260142768	-1.81489458136439
1706868611098	2.2917049241751783	1.3642020130722252	2.2397699186510147	3.0329932777329023	
1706868611456	2.1240771813239343	1.2415369026955412	2.241070251241012	3.0347924275737084	
1706868611671	2.023392915725708	1.1690792052776782	2.241977451123579	3.0349683272374555	
1706868612265	1.7478960817174394	0.9707600811655207	2.243500515447796	3.0337086595661384	1.834542928888458	-1.0306561700690842
1706868612473	1.652909207702879	0.8935579254874417	2.2424776052124513	3.0344432626783937	1.7120615530348133	-0.9745952765458621
1706868612922	1.4461645318512932	0.8009921270469359	2.2339264256091975	3.0464025167746662	1.5509323979647145	-0.9025487741534828
1706868613060	1.377592217247441	0.7841364032817337	2.2339264256091975	3.0464025167746662	1.4465012171586684	-0.885765771066489
1706868613532	1.1076996475937282	0.8123834075651751	2.2327378110880636	3.0540598820635427	1.189714095379924	-0.8895156871191925
1706868613668	1.0427542395913716	0.79664948553901	2.2327378110880636	3.0540598820635427	1.0742267088022193	-0.8808343264890914
1706868613941	0.9123858838219352	0.7650659508835465	2.2308026362915765	3.0527901424810073	1.007108631509139	-0.8690428845199201
1706868614311	0.7257148273720229	0.6282157897949219	2.2289392910047283	3.051736421848808	0.7878482013239032	-0.7660705099462173
1706868614660	0.5790359410038337	0.4750479428351385	2.2302566537414577	3.0499421337059918	0.5756057613903076	-0.6077614881694404
1706868614875	0.48938843939039445	0.3931072375321665	2.230369314220968	3.049591152765635	0.5067136655367324	-0.5344590823266384
1706868615284	0.2614892588721381	0.26615282497793485	2.2325742298468425	3.0488836007559756	
1706868615552	0.14104887900847785	0.16774317535611105	2.2326272402926035	3.049170737080585	
1706868615697	0.09272893161421092	0.10562498036754522	2.2326272402926035	3.049170737080585	
1706868616001	0.0022912730887039365	-0.06176543143831441	2.2317098835687137	3.0485171675799654	1.8371880995872485	-1.1365986607248932
1706868616285	-0.05895342939510578	-0.2459984145513395	2.2319563167986427	3.0494036119296952	
1706868616487	-0.05033084768347624	-0.34970335553332077	2.232620678929692	3.049364969331718	
1706868616934	-0.059001914673037344	-0.5535588947596488	2.234928407964023	3.0481560547862667	
1706868617289	-0.07647684533303795	-0.7037608247054251	2.235232362959239	3.0474581954624482	-0.1645717698359963	0.6123217658309388
1706868617883	0.04975501365131802	-0.9269773032930162	2.235938632981164	3.045672230952203	
1706868618172	0.20280266648196443	-0.9483097308144277	2.2357647457709953	3.045455873832532	
1706868618494	0.36131130839336895	-0.9123057026644142	2.2355991682441707	3.045186676197927	0.2916624367692622	0.9158883411308496
1706868618731	0.4779776069430673	-0.8858058434359881	2.2365904050752166	3.0443974436476005	
1706868619062	0.6309829915945346	-0.8130985465473853	2.237088091113434	3.044339284172228	
1706868619316	0.7650331980907	-0.7822728700076158	2.2372364724114044	3.0437174778714082	0.6259081767917474	0.798530421380593
1706868619683	0.9144470660049919	-0.704978650976374	2.236562958606844	3.042026744650241	
1706868619875	0.9696702557812085	-0.6067913799341242	2.2363275551570547	3.0415085357740503	
1706868620261	1.0806918768938105	-0.40939405377626814	2.2362774762893283	3.039804318799307	
1706868620542	1.1780633957010427	-0.26644937296028004	2.23649095802794	3.0388712268026854	
1706868620680	1.225941124231848	-0.1962514455391936	2.23649095802794	3.0388712268026854	
1706868620863	1.2929110480833423	-0.10371031964472098	2.236137832655505	3.0391444881370666	
1706868621127	1.441921451295069	0.02154877204303593	2.236155230657647	3.040068477120298	
1706868621467	1.6192623536858783	0.18821368161463897	2.2360492075412575	3.0406044484647916	2.5370565191873307	-1.1902114792138756
1706868621661	1.670522270246326	0.28612704676483314	2.2365226018887423	3.0402568336237623	
1706868622057	1.7560029908312553	0.48346007931294865	2.237119310055114	3.039279697841387	
1706868622265	1.800901955178895	0.587109752974585	2.2365083187486468	3.0386513627757084	
1706868622675	1.9543318033763963	0.7834965011075105	2.2359797193088498	3.0391094506771723	1.9661543387811964	-0.7712223077863789
1706868622862	2.0297321261202987	0.8623435096282435	2.2360592846198744	3.039311749575745	2.085938450790475	-0.9263334224541406
1706868623263	2.1792183701354677	1.0289615711363236	2.237393775078559	3.039489209954297	2.202855589148176	-1.0996294818096217
1706868623463	2.2037139032234925	1.1545858756503176	2.2379375428703954	3.039189942021154	2.2437327105476976	-1.161391779348726
1706868623859	2.2368767596968455	1.4074637111107908	2.2375590280928703	3.0388611154924536	2.3237853741207024	-1.3772967242110328
1706868624282	2.1151830219640964	1.5930996070386272	2.238726890038787	3.0387235664115555	2.3985509645386167	-1.6158546194064454
1706868625076	1.817768363696535	1.7458397805538324	2.2401536515759277	3.0386605028266596	1.974740624096754	-1.7790919279525084
1706868625406	1.6717745522760974	1.7500640217710242	2.2401816979148377	3.038187131167564	1.7580662164709664	-1.766422538423984
1706868625680	1.5207566751717285	1.6809553782968736	2.239977902971011	3.0380319190410967	1.687794066810035	-1.7270282143011333
1706868626200	1.2855371142935565	1.5156726105006662	2.241841870954753	3.038035802469508	1.414980931749985	-1.6601638173336033
1706868627071	0.9013129819944067	1.3821272821102328	2.243190691244899	3.038987864477063	0.9538114139621554	-1.44319942336876
1706868627286	0.8060028605090762	1.3369697775076894	2.2427598633452472	3.039584285289728	0.8748457163223999	-1.3997506456804019
1706868628510	0.6472942118112206	0.7141837586606214	2.243856758182451	3.039321130326966	0.7184584565017942	-0.9237658917372404
1706868628977	0.6450761426523858	0.5250092209293152	2.24519475520277	3.038270304481124	0.7261871607389772	-0.652308050055062
1706868629886	0.990045280420358	0.26900794684987445	2.246472630838568	3.0379244999956683	1.0418147029456768	-0.4277210004619989
1706868630283	1.1115687499966538	0.1267104083508776	2.2484169731478416	3.037940966723484	1.068063692457677	-0.23783540980079287
1706868630884	1.0876631204306932	-0.1622628647344136	2.25139136897903	3.0373406523392226	1.124353647021473	0.08056123164326046
1706868631481	0.9687813890391382	-0.40261900239977344	2.2512690895997505	3.0368308692809896	
1706868632086	0.7610281608143791	-0.5451393342408978	2.2505451636807736	3.035356187602973	
1706868632494	0.5533035303943041	-0.49069828022180534	2.250824957984743	3.0337171904446647	
1706868632773	0.40796939319953684	-0.48639315784704396	2.2502729110323245	3.032792571691501	0.48023622053326775	0.37822563278376986
1706868633134	0.21992056335254412	-0.4808227306883025	2.2509973911894505	3.0329439794132673	0.4112948511049894	0.28691805917771784
1706868633284	0.1417839304521316	-0.47850814876638775	2.2509973911894505	3.0329439794132673	
1706868633457	0.05136221555090442	-0.4802136593258258	2.251114851139821	3.0330002328357812	0.11284682546842051	0.34884156231100416
1706868633805	-0.13344269960196978	-0.5255937717624546	2.252281946717292	3.0347256346600817	-0.05883115592884991	0.40432950939130574
1706868633900	-0.1838923172442774	-0.5379820208471665	2.252281946717292	3.0347256346600817	-0.15550705766265294	0.40395171617241266
1706868634087	-0.28563284337949413	-0.546725949795126	2.252438295021283	3.0348393161990663	-0.24811655610588312	0.4077874096524381
1706868634726	-0.6107943436333553	-0.5106686217797235	2.2529054818222263	3.0350153513752756	-1.3753891675335872	0.6882629178147441
1706868634939	-0.7063288098789867	-0.5019469434115553	2.252449939317896	3.0356418475479714	
1706868635308	-0.7961453175663356	-0.522899880338071	2.2513131158647646	3.038420229644932	
1706868635522	-0.7771699519173519	-0.5350534958211152	2.244465841384952	3.0503874852990718	
1706868635675	-0.7264254053903593	-0.5415771346841309	2.244465841384952	3.0503874852990718	
1706868636251	-0.4737095065116882	-0.5675752855300903	2.223081706680698	3.064859609778659	
1706868636503	-0.32043179273605343	-0.5799457502365112	2.219376431277105	3.065629550476872	-0.4082282523252867	0.47070782232914965
1706868636665	-0.2232282840379394	-0.5863462438677797	2.2195234219667412	3.065643777229134	
1706868637300	0.09734334620003848	-0.5333799500901675	2.2233733324077525	3.0654504986491915	
1706868638138	0.6382517351044549	-0.5059404154618581	2.205479976059871	3.064246803477747	0.6050667248697339	0.44065029987803594
1706868638506	0.8096398322582244	-0.407970249970754	2.2043431724434166	3.0615575462387525	0.7773951298750796	0.397530524877709
1706868638886	0.9809801404476166	-0.22850879303614297	2.20476368188432	3.059112424296736	0.9841421090663893	0.2540714173993175
1706868639289	1.126990425920565	-0.032014007917935225	2.2050113054719636	3.0564973419959465	1.1858403540651725	0.021634547237193047
1706868639470	1.1819008164586502	0.05808195776169539	2.2049679186205853	3.05453027735909	
1706868639766	1.256384720342464	0.21685337626709128	2.207805920649056	3.0559154222607834	1.3173223988217249	-0.18550085538150718
1706868640072	1.3073757854397692	0.4004046062253556	2.2096138944406096	3.060733004640129	1.4026233680580684	-0.4417202965833389
