Timestamp	10.5.0.115x	y	Distance to master	10.5.1.177x	y	Distance to master	10.5.11.225x	y	Distance to master	Detect Position x	y
1707220050524	5.0030899895006815	-0.4574928341703337	-1.149062000641496	1.4824164151236339	1.6449619715485733	2.3352783900716942	
1707220051538	5.133982933706453	-0.44893693532012047	-1.1429686189572148	1.474356551273547	1.6650120506563677	2.2724153393591924	
1707220053370	5.20858824191029	-0.3916895179529871	-1.1334218951373862	1.4485642728685373	1.6732753163272946	2.244271162531333	-1.230003543193798	-1.501696578856811
1707220055718	5.319886565800566	-0.46684652685277017	-0.9994512039240437	1.1344550534074522	1.6408513567109064	2.289428013539422	
1707220057339	5.30937991670641	-0.43301602252964577	-0.7677487583526177	0.46238918132956597	1.634088010823566	2.2862363535838934	-1.09298957315279	-1.1392056971588969
1707220059540	5.31737112817968	-0.41310767725522934	-0.6503403316883981	-0.05780330266201275	1.6346375233367991	2.2913542250798535	-0.9936097662209873	-0.454003764419341
1707220060921	5.3214661098768135	-0.4103152668197312	-0.9230966801229707	0.1177179552595754	1.67274384666665	2.322318982119347	-1.0211568344330164	-0.4805526224171053
1707220061719	5.32139887285716	-0.40597349769363555	-1.2071618371648476	0.5073441594236743	1.6583876698197584	2.3384401381104363	-1.1403030196482706	-0.48723400075555323
1707220062567	5.316622857480063	-0.39827725892993726	-1.6893063210381982	0.8313396755504422	1.6357517259841605	2.31429686731692	-1.5222056795447982	-0.7433973048103649
1707220063112	5.312913850385858	-0.3953306069560254	-1.8754003705626974	1.2369915338679331	1.6269659060428692	2.3121805491238807	-1.8720555237394276	-1.0444489765683511
1707220063726	5.312269751085342	-0.3945962945413046	-2.115427373016553	1.6854269248060931	1.626922350976227	2.3047011547852296	-2.0003308496867334	-1.5207563364103396
1707220064514	5.312533533224121	-0.39364793621044214	-2.211875711337518	2.326765179448001	1.6478133986564505	2.304380042852044	-2.331796509133006	-2.115587466219569
1707220065091	5.314284679437843	-0.3929450137790047	-2.0655981260047893	2.693139830735283	1.6528594551232618	2.2978544395944405	-2.3296042440204827	-2.6091580754981067
1707220065685	5.316087419214188	-0.3922213813279245	-1.906724002111576	2.84811396707547	1.6545051544037446	2.275907782035322	-2.2925263794431294	-3.060206116496017
1707220066145	5.315458187645676	-0.3910176197815298	-1.725336137183785	2.6692257494316567	1.6520743731185126	2.2737240810773307	-2.1410762315055427	-3.1793501134500586
1707220066539	5.313948977166716	-0.3896783502978387	-1.5573703488372146	2.487137289663507	1.6436119268481548	2.283600377777585	-1.9705983221743764	-3.0192669960505
1707220068108	5.308550386363424	-0.38563887054911605	-0.8696027560593701	1.4084565580908053	1.6364866912683567	2.297359873840765	-1.271985873980213	-2.0365974434066363
1707220068889	5.306320394205732	-0.3845957062031129	-0.5884739517910831	0.7776983324230359	1.6602787550600973	2.27833860725655	-0.9272932993673464	-1.3979645167725705
1707220069720	5.30394763686509	-0.38348575796812057	-0.5944542730194055	0.1689960082102056	1.6630200677719815	2.291077084589352	-0.8036502224887114	-0.7750085071503694
1707220070104	5.302322630727963	-0.3839007771915055	-0.6689782687513477	0.010221098094438275	1.6551971685064755	2.2912483207834455	-0.7903978451789312	-0.5369963284718406
1707220070904	5.298544198310815	-0.38545532893466383	-0.9706511247317675	-0.05794974306428774	1.6422734280786975	2.291616620300256	
1707220071486	5.303480249319378	-0.3952346718794586	-1.1768168639701835	0.028095878713603528	1.640972943909149	2.291216393635131	-2.2677367100959014	-2.1133266860557107
1707220072500	5.31591441114673	-0.4162701444900616	-1.1958839910396228	0.21844532381657616	1.6363169359069218	2.291218458967009	-1.467882003485227	-0.23870752782500038
1707220073896	5.316580529023739	-0.4178892553995779	-1.4752583215893882	0.5541628613271328	1.6253575997818188	2.2841788773027965	-1.570261623928011	-0.589286505487971
1707220075915	5.310855738097964	-0.4081358676852773	-1.7444111017546908	1.0842203637433063	1.629632357168085	2.2842178187592457	-1.6955940643002139	-1.1342633405648508
1707220077331	5.317468533003846	-0.40941348111773856	-1.9436876787711366	1.503755888427913	1.6223094386183143	2.283557580046411	-2.0253033678668695	-1.472340211796449
1707220078721	5.316167234228952	-0.40946701039287814	-2.185255368157171	1.9418250564226658	1.6324188721224406	2.2911976263548337	-2.138989347649198	-1.938775052982146
1707220079758	5.31402558859063	-0.4098058841711816	-2.1917032996820938	2.30693747055051	1.6335554696733372	2.289631761563995	-2.376163494790978	-2.2861967740289613
1707220081483	5.3144250544024105	-0.40895117349256616	-1.6712414862801859	2.6688027494030906	1.6285133797047264	2.289325534955598	-2.0296476947614988	-2.9175734085826917
1707220082084	5.316002957115611	-0.4140485320452403	-1.6031254605898693	2.46909228815399	1.6322854868147536	2.2902813131210995	-1.8658105720269704	-2.984259524247871
1707220082909	5.318699754093746	-0.4199363384128856	-1.449784858086015	2.128860433450911	1.6301561324598521	2.2938240488703787	-1.780469312495594	-2.6401824824688633
1707220083908	5.310887841600438	-0.42807783350066986	-1.157130588669791	1.708286512138562	1.64112454607421	2.297538090747122	-1.443686239889934	-2.245743746274593
1707220084492	5.309307416371221	-0.4305138595173015	-1.0867095307371106	1.414856705000025	1.678619877507755	2.3125563562884883	-1.371385903878526	-1.9036604396921173
1707220085106	5.3136243533910505	-0.4284755416720769	-1.0651156412265463	1.3905910681535354	1.6984660358690922	2.3196142243409925	-1.233418760791824	-1.6522123571693905
1707220085612	5.314324356752098	-0.4292633059788611	-1.0805756755860827	1.5508312928453445	1.6814059487405701	2.298205583994063	-1.1331595961811667	-1.53246788442813
1707220087093	5.313101912812121	-0.4374401507633672	-1.596780422087972	1.9800415979834014	1.6474222488266161	2.296883013518896	-1.4839717827372174	-1.9731183162342516
1707220089695	5.310883854861402	-0.4279044208290499	-2.341863839774134	1.7904239320374211	1.6332295627994273	2.2928330005262625	-2.8446740389063336	-1.4962288261206789
1707220091115	5.311212875553401	-0.4215642254641685	-1.7566859503769237	0.9976527247836359	1.6345940862294202	2.2959332485676747	-2.2053147528698736	-1.7232630041789925
1707220092159	5.313605095925041	-0.4243113158828633	-1.306317739871516	0.2541544070690219	1.6378806603295792	2.2949966759300278	-1.7108922715862993	-0.9660592781594528
1707220093523	5.309477494147622	-0.4207646933763336	-0.6561706074329934	0.0956612980152014	1.6374066737039528	2.2814914275332234	-1.2308989990791113	-0.20992045555342442
1707220094714	5.312592284983285	-0.42064429578787754	-0.4854942962072818	0.46046203512199146	1.6214300325134332	2.2807443420997977	-0.6454924751914118	-0.2844876494390971
1707220097124	5.307195973524538	-0.4185742076586374	-1.2051816197412057	1.8981483232508358	1.6420683029717311	2.278828919281229	-1.193521214999777	-1.7496049723093112
1707220099103	5.29081368238695	-0.41963733096991995	-1.7167088976365634	2.4562811052037357	1.666174877895665	2.303417968212597	-1.758666819132738	-2.5223667733537245
1707220100091	5.447957262113262	-0.501484377581199	-1.6655826609107998	2.572076396335179	1.6788277311060151	2.2992181753292416	-1.696970272695767	-2.647024530119203
1707220101307	5.441713916278478	-0.5956640188683742	-1.7519964578210785	2.485868203559175	1.685731611435178	2.2835170469631505	-1.826186619538122	-2.5776695179421507
1707220102498	5.423034565779192	-0.5970641902194289	-1.74465267899035	2.49212935987621	1.738931600505169	2.266616663753065	-1.713031017472553	-4.9745580889571475
1707220103722	5.42409410393998	-0.6414678016810436	-1.7528621758392957	2.4877970900533595	1.7136303413551361	2.2744054554457285	-1.6992350975202108	-2.6721675529823363
1707220104307	5.430874706308605	-0.6637657287375864	-1.8087264104306429	2.436758995132864	1.585574801496661	2.3166713614569017	
1707220105681	5.386092264454179	-0.7249076133427064	-1.4533158228308893	1.6832100050189864	1.380243044362864	1.9645710349401362	-1.6559943601396556	-2.308070226172609
1707220106508	5.334035292530176	-0.5312499233753489	-1.2318279424241845	1.192290446580095	1.1295717397002842	1.9559248070486497	
1707220107878	5.214625368530044	-0.07829859100191605	-0.6555942184899445	0.36504501014991275	0.741179280137646	1.9307892940832954	-1.0460955150409534	-0.9394343528365197
1707220109705	5.264960850213527	-0.15200048174958036	-1.0925615449262	-0.08350027725289211	0.22884900819604814	1.883507028960591	-1.8068900535168004	-1.4850427297657178
1707220110662	5.371929954171961	-0.5286720978190889	-1.4971944624487261	0.28388353302473646	0.22052907346242256	1.843374841966104	
1707220111911	5.384139411458115	-0.5143478329889952	-1.4014332253510984	1.1412445017447137	0.18192282321001807	1.863555532316489	-1.6370829909824538	-0.9722869958439055
1707220112729	5.4063762469997645	-0.5219965153649513	-1.2321341183860308	1.6735907212788819	0.1711859700617928	1.8628832627487253	-1.5915887100805797	-1.5665459918491058
1707220113303	5.416346083266739	-0.5230983613243421	-1.2007544804969843	1.993482848128958	0.17344522688741582	1.8523907566094544	-1.3489310313583183	-1.879998798226318
1707220113684	5.4181171116515285	-0.5201605381497418	-1.3117097915687002	2.1956117790466343	0.17897217663425935	1.8518985685732998	-1.3420872133372934	-2.0607193671752144
1707220114281	5.419097274053465	-0.5162893788088008	-1.4542849222548442	2.4551086315187365	0.1910572564952253	1.861268157807991	-1.6240736874881825	-2.292959201856942
1707220114888	5.417612460044539	-0.5133656143667822	-1.3911289919892431	2.331255855530399	0.19879284181451662	1.8650570777047422	
1707220115282	5.4166486763221044	-0.5114678166894258	-1.2030038476667269	2.131578607676689	0.19837591949169608	1.8677307189284895	
1707220115679	5.4154466750136745	-0.5096279811941951	-1.0410750754110638	1.922972027154128	0.19527292912718797	1.868796699238258	-1.374139273127415	-2.4122394426747817
1707220116080	5.412972501590923	-0.5081648111333692	-0.9902941345009184	1.6613585652300307	0.19371675264895205	1.8646419390191142	-1.3349274600335168	-2.2361162082500567
1707220116540	5.410134297664576	-0.5064863616870354	-0.8591860583882945	1.4167861282614425	0.19285859407864892	1.8642177966305515	-1.2478974577223247	-1.9411096595143589
1707220117108	5.40662973281639	-0.5044138415011279	-0.6025456607349025	1.0278152473584243	0.19146730467950834	1.8614905459197246	-0.9931267071408079	-1.5560329093981489
1707220117517	5.404106199325356	-0.5029214810151486	-0.5044563881604762	0.6773744162160884	0.18797964129663103	1.8591141063845675	-0.8267744043983571	-1.3075877417353878
1707220117895	5.40291042509952	-0.5033823314248631	-0.47315943477220757	0.4003494987150552	0.18712682038027384	1.857434884458178	-0.7564055236484313	-0.9972367200630607
1707220118271	5.402150063438423	-0.5045354794256061	-0.4656784493934807	0.13627427395670938	0.19002909963003334	1.8597882638009464	-0.7164428319383808	-0.7368898777096036
1707220118623	5.4014382355003745	-0.5056150222348119	-0.5183692318859826	-0.05376534703374	0.19510688989347957	1.8624591686523675	-0.7020221527478249	-0.608041428875276
1707220119282	5.400105580354994	-0.5076360981190933	-0.8037590866012925	-0.2166674111369571	0.19523811047613937	1.8623067086388576	-0.8120048512520349	-0.21951250312593107
1707220119682	5.399296684970849	-0.5088628513113729	-1.020676436297328	-0.27946306043961167	0.188530645638886	1.8590948124534803	-1.0284123147174982	-0.12702666772247784
1707220120103	5.398445322579036	-0.5101540090462471	-1.211102234146141	-0.3555766334872856	0.18806429745099318	1.8570991820720404	-0.8496314413703292	0.6958864833356833
1707220120570	5.397730163189367	-0.5096388652718182	-1.3957279794588655	-0.43709299419787734	0.18856195566599743	1.8747025597977005	
1707220120892	5.397304723392178	-0.5087087998891398	-1.3346137293500688	-0.3665919806125958	0.19069305598300956	1.8764412466214577	
1707220121300	5.396765656816862	-0.5075303319508384	-1.108338070189601	-0.2010692209951545	0.1950853760211051	1.8778901174244949	-1.9948489948801487	-1.3887836795076682
1707220121681	5.397989720591955	-0.5083448644955995	-0.8806624498578383	-0.038118101367661444	0.1932499979910578	1.874278980839696	
1707220122279	5.401298900581994	-0.5111619579644895	-0.5972005550856537	0.1835847510546576	0.19231956875669165	1.8753556965565128	
1707220122681	5.401633643485978	-0.5128606358859797	-0.5701247799971491	0.4288607414009985	0.19662174246237507	1.8763954415916364	-0.6762771398558333	-0.34134490664432227
1707220123283	5.400382064858996	-0.5148492978367438	-0.7926090761974429	0.7182874420775648	0.1888387681073176	1.8715918358647665	
1707220123675	5.399234496020611	-0.5136372843828252	-1.0180252421898066	0.8688788976350373	0.1851202484924801	1.8703574976322492	
1707220124071	5.398122993449832	-0.5124174140282032	-1.2110332477609973	1.0486229441763424	0.18256793921239045	1.870071176674058	-1.1480087993500052	-0.9780083375835993
1707220124597	5.397154285628079	-0.5108450118285177	-1.4254278092466393	1.3205820371704	0.18586254588853302	1.8715884662488855	-1.3257218410154445	-1.2077760108810527
1707220125106	5.396984790982909	-0.5106957923330402	-1.6255675833391947	1.5730234508073573	0.18869919129505908	1.8714039256662787	-1.554050856578002	-1.5184031713427106
1707220125503	5.397342435764313	-0.511454832852428	-1.7819275944610338	1.7638045351246547	0.19133579739100326	1.8722738480958827	-1.7789565125568738	-1.7051833875402442
1707220125879	5.397634906092194	-0.5118314564398929	-1.760103927587856	1.9633154745314947	0.19273518508201737	1.870029547863507	-1.9112448136786673	-1.8817219897451467
1707220126282	5.397926806256411	-0.5120755057490276	-1.7156376367753938	2.1794875694303633	0.20375593385763602	1.8562417817290386	-1.9232226878744654	-2.100628820052796
1707220126673	5.396626402379532	-0.5116058346801342	-1.668880477121243	2.3593362775050317	0.2107791516508477	1.8550093944110333	-1.8827871528287377	-2.2962965599588667
1707220127511	5.39188230409294	-0.5097261830725242	-1.5852609993257738	2.3779988631514533	0.20071323929627116	1.8567615016045136	-1.8721327891935813	-2.5077168746550407
1707220127870	5.3899515574869765	-0.5092634066429533	-1.5194542417169956	2.3173574178364484	0.2020648958526141	1.8536935681319904	
1707220128489	5.386711587754264	-0.508765681520406	-1.3213492884313782	2.0615155037910506	0.1999479473196537	1.855718716272627	-1.8166287711759763	-2.457716053518225
1707220128900	5.384560331598941	-0.5084352049043042	-1.189812720094724	1.8916430859030724	0.2007018574346835	1.8548021227995122	-1.6346306146965919	-2.327649821121394
1707220129300	5.383031112977942	-0.5084038645723259	-1.0658111689426957	1.7182826277146086	0.20157572824630354	1.8536510848154055	-1.4219957028989993	-2.1911930670825774
1707220129730	5.381647258361375	-0.5085039151156028	-0.9044636833210187	1.4595301604051039	0.20102615337431096	1.855538857265694	-1.2960648260909062	-2.008914808939608
1707220130564	5.378963224058547	-0.5086979666344236	-0.5909862255277311	0.9549866646532726	0.19827271607643637	1.8651261993339805	-1.0490093691787656	-1.5195671557626917
1707220131031	5.377460293579626	-0.5088066261779356	-0.550299210513766	0.7011165967814055	0.1945554641886007	1.870102058237691	-0.8525428517935563	-1.3097266870315643
1707220131285	5.376642853875886	-0.5088657258011733	-0.5616511529988936	0.5564678503279846	0.19357029801950376	1.8709467101471886	-0.7742273118856671	-1.09863566149232
1707220131719	5.37515515820094	-0.5074612499147251	-0.5810477791348991	0.3093121181989109	0.19454541973791817	1.866968906132941	-0.82078089026352	-0.84871025358629
1707220132539	5.370490974002367	-0.506124431901479	-0.6674386983859936	-0.036845545679698166	0.19648497225594563	1.8656723619019557	-0.8305209077581549	-0.4590503283668209
1707220132868	5.367590864060777	-0.5052352036254473	-0.7228525907714799	-0.12532662874774864	0.1897297853896296	1.879003004615299	-0.8877386428265446	-0.31204558805839533
1707220133504	5.3612975785157975	-0.5031186536757806	-0.9897504454374424	-0.057420208984911514	0.18978661422566057	1.8813858620089117	-0.9597261493324521	-0.14665943639936652
1707220134097	5.355526552876601	-0.5018707869943	-1.2680612814604477	0.04995083156885466	0.19092946075334805	1.8819821201960183	
1707220134879	5.353421514040254	-0.501987757576086	-1.4753687915371445	0.365681443841242	0.1901231433532644	1.878655150133231	-1.6496568512548035	-0.24670123990022486
