Timestamp	10.5.0.115x	y	Distance to master	10.5.1.177x	y	Distance to master	10.5.11.225x	y	Distance to master	Detect Position x	y
1707220050524	5.0030899895006815	-0.4574928341703337	-1.001174292971852	1.5805882710071903	1.828494016169371	2.244168402943975	
1707220051538	5.133982933706453	-0.44893693532012047	-0.9952777256682264	1.572383321301916	1.86625788648256	2.2668585089335145	
1707220053370	5.20858824191029	-0.3916895179529871	-0.9863579110989813	1.5463675862735935	1.879080869055388	2.2247187408676585	
1707220055718	5.319886565800566	-0.46684652685277017	-0.8600271691767298	1.229108557245251	1.8521685898104858	2.2595094198547563	
1707220057339	5.30937991670641	-0.43301602252964577	-0.6446550183404971	0.5516328039228431	1.8425156257061508	2.2626824349690065	-0.8861933842315783	-1.1166735090028903
1707220059540	5.31737112817968	-0.41310767725522934	-0.5398684331055508	0.028751621809836175	1.8417402763100241	2.2665124003832036	-0.7865029258386942	-0.4315167042047171
1707220060921	5.3214661098768135	-0.4103152668197312	-0.8082977051709175	0.21082156301978963	1.8716548167928038	2.291434577029852	-0.8140620281275517	-0.4580530699901053
1707220061719	5.32139887285716	-0.40597349769363555	-1.0828516265779653	0.6072074061784005	1.870981294857094	2.3082220497311488	-0.9332112303473126	-0.46468042830573175
1707220062567	5.316622857480063	-0.39827725892993726	-1.5570149876619217	0.9427748432239453	1.8509519671504326	2.298689695414504	-1.3152299921138182	-0.7206705563159863
1707220063112	5.312913850385858	-0.3953306069560254	-1.7332387041817585	1.3528109723160007	1.8389900767674197	2.289202493946795	-1.6652162932769248	-1.0215635797469924
1707220063726	5.312269751085342	-0.3945962945413046	-1.962344318440698	1.8069231602914804	1.8341293096551292	2.284214784311277	-1.7937075576235864	-1.4978127322639598
1707220064514	5.312533533224121	-0.39364793621044214	-2.043245503184947	2.4504074546911037	1.8470438834513019	2.280355640215766	-2.1254428717264346	-2.0924935187026685
1707220065091	5.314284679437843	-0.3929450137790047	-1.8881453238875345	2.8131352472002553	1.8574183080790247	2.27709594356993	-2.123474385356258	-2.5860650711966517
1707220065685	5.316087419214188	-0.3922213813279245	-1.7255677013259012	2.964219617071629	1.8608499821126425	2.262839037840917	-2.0866010239254704	-3.0371298764591153
1707220066145	5.315458187645676	-0.3910176197815298	-1.548561632101599	2.7809946094645763	1.860830284435669	2.250995326910589	-1.9352049098978974	-3.1563425267016605
1707220066539	5.313948977166716	-0.3896783502978387	-1.3850511478860494	2.5948950802141817	1.8572264560126952	2.2519290819690077	-1.76465443847786	-2.996336718229939
1707220068108	5.308550386363424	-0.38563887054911605	-0.7235865347704589	1.499887798075158	1.845028567471234	2.270583254393871	-1.0655965324483363	-2.013984008413983
1707220068889	5.306320394205732	-0.3845957062031129	-0.457802947463725	0.8625115916199488	1.858315056641404	2.2614933461915476	-0.7206144453713946	-1.3755074265642835
1707220069720	5.30394763686509	-0.38348575796812057	-0.47851071584908084	0.2541322099241241	1.8692061794386128	2.2623216529868153	-0.5966889410202204	-0.7526075391379496
1707220070104	5.302322630727963	-0.3839007771915055	-0.5568548785780538	0.09720709979696587	1.86848666586348	2.2669581658779325	-0.5833286534356067	-0.5146013933783977
1707220070904	5.298544198310815	-0.38545532893466383	-0.8600889803348877	0.03635600981989626	1.8542978545205127	2.2673285644138046	
1707220071486	5.303480249319378	-0.3952346718794586	-1.0641122463158421	0.12736517420091478	1.8488212956137298	2.2672752354675323	-2.061382054264966	-2.0902617826537706
1707220072500	5.31591441114673	-0.4162701444900616	-1.0785677709957426	0.3181202642822033	1.8448723596375898	2.2670721777252907	-1.2606775018340821	-0.21600546085322136
1707220073896	5.316580529023739	-0.4178892553995779	-1.3497367053397995	0.6604997184102077	1.8348881600787734	2.2615505373277403	-1.363216059718879	-0.5665379848907612
1707220075915	5.310855738097964	-0.4081358676852773	-1.6059845014339504	1.1969148952418054	1.8361719088827255	2.2600703062653142	-1.488795572642946	-1.1114579398509539
1707220077331	5.317468533003846	-0.40941348111773856	-1.795050932666123	1.621149612351225	1.8310354027589144	2.2595580636574617	-1.818658121993676	-1.4493852904102025
1707220078721	5.316167234228952	-0.40946701039287814	-2.0259476215199914	2.064935893774212	1.8374141305638962	2.2654064065933044	-1.9325555656028517	-1.9157685399060318
1707220079758	5.31402558859063	-0.4098058841711816	-2.023558783175723	2.43009742545927	1.8404040497977363	2.2659411156177383	-2.169887204873247	-2.2630826935606
1707220081483	5.3144250544024105	-0.40895117349256616	-1.4944930561353493	2.779262766980877	1.8365673385361794	2.265236886760569	-1.8236576984413966	-2.8946163689940025
1707220082084	5.316002957115611	-0.4140485320452403	-1.4312295098009606	2.5779625310312655	1.8375798378507737	2.2656618551880148	-1.65985082716655	-2.9613767594331266
1707220082909	5.318699754093746	-0.4199363384128856	-1.286166636016413	2.2341198082926415	1.8381089479337345	2.26839317770738	-1.5743535763354168	-2.6173384456392803
1707220083908	5.310887841600438	-0.42807783350066986	-1.0037749808670737	1.806587472910151	1.8450109945692097	2.2722770303390973	-1.2373917049336622	-2.223052443065425
1707220084492	5.309307416371221	-0.4305138595173015	-0.9404748701457715	1.511539556292548	1.8665426582419073	2.280686000022783	-1.16493628021585	-1.8810019516774956
1707220085106	5.3136243533910505	-0.4284755416720769	-0.9194744761642586	1.4867585020699894	1.8959584282011617	2.2919969252121235	-1.026855148007828	-1.6296164475130483
1707220085612	5.314324356752098	-0.4292633059788611	-0.931052538299372	1.6473259045801967	1.8987074488733284	2.2867283774567513	-0.9265417031098784	-1.5099174432848788
1707220087093	5.313101912812121	-0.4374401507633672	-1.4367202326714943	2.088901503109107	1.8614867801799357	2.272997718759395	-1.2775536388039481	-1.9504087761025186
1707220089695	5.310883854861402	-0.4279044208290499	-2.186173796521709	1.9173686660722722	1.8420447725396445	2.269155562534101	-2.6380395396064085	-1.4729024102368644
1707220091115	5.311212875553401	-0.4215642254641685	-1.620350493933854	1.1106696270629461	1.8414855544912598	2.2711341323413547	-1.998783253636955	-1.7002264421741107
1707220092159	5.313605095925041	-0.4243113158828633	-1.1881051062192372	0.35649113474316063	1.844115984424606	2.2711204791483355	-1.5040175168148995	-0.9432469587246524
1707220093523	5.309477494147622	-0.4207646933763336	-0.5419835108288216	0.18231236621575306	1.8446857664418392	2.2603162037916142	-1.0236814700996024	-0.18732583656301416
1707220094714	5.312592284983285	-0.42064429578787754	-0.36252983487160567	0.5428763122679282	1.8326276199786802	2.256792405181539	-0.43830881417916645	-0.26215843851509146
1707220097124	5.307195973524538	-0.4185742076586374	-1.0472177224731758	1.9975564156930132	1.8466716211697045	2.254920866449432	-0.9870017628658352	-1.7270271416731107
1707220099103	5.29081368238695	-0.41963733096991995	-1.5450896899931434	2.5679035575981115	1.8697022663053533	2.2755335452794005	-1.5524976690979282	-2.4995326336011354
1707220100091	5.447957262113262	-0.501484377581199	-1.491176443304015	2.6824278055170208	1.8821678797890182	2.2763308375326723	-1.4908576472133377	-2.6242183499687997
1707220101307	5.441713916278478	-0.5956640188683742	-1.5796509778952896	2.5983358705469355	1.8912045181055437	2.2632240036136686	-1.620042536111245	-2.5548047599031776
1707220102498	5.423034565779192	-0.5970641902194289	-1.5721578437736745	2.604417490970515	1.932699773243611	2.2466881951288395	-1.5079736638875683	-4.95174438784954
1707220103722	5.42409410393998	-0.6414678016810436	-1.580469767801876	2.600285140636838	1.9270010404460256	2.2483135296698014	-1.4931338713256876	-2.6493603434055144
1707220104307	5.430874706308605	-0.6637657287375864	-1.6375526496158852	2.550613776216294	1.8584239275030268	2.27084472394716	
1707220105681	5.386092264454179	-0.7249076133427064	-1.300480283711317	1.7886853107924439	1.632139992136057	2.0173995897297172	-1.4497280613805403	-2.285282658807558
1707220106508	5.334035292530176	-0.5312499233753489	-1.090936382389519	1.2925499991649287	1.427531852313592	1.9351047987926049	
1707220107878	5.214625368530044	-0.07829859100191605	-0.5348888235168496	0.4516032535469734	1.0332457956751646	1.9125156953364706	-0.8392087572012505	-0.9169234463711426
1707220109705	5.264960850213527	-0.15200048174958036	-0.982581968514922	0.013762909190895428	0.5199722016153836	1.8677259290178718	-1.6002505892491157	-1.4621868328397558
1707220110662	5.371929954171961	-0.5286720978190889	-1.378206562131271	0.3908303340936554	0.43011791310827063	1.8324511813105713	
1707220111911	5.384139411458115	-0.5143478329889952	-1.2617271982808214	1.2456230592685484	0.3981777026182758	1.8352184868616757	-1.430211067363645	-0.9495081399401968
1707220112729	5.4063762469997645	-0.5219965153649513	-1.0795961074559426	1.773716754389433	0.38210765859342666	1.8396473008088652	-1.3849862204642036	-1.5437877013848162
1707220113303	5.416346083266739	-0.5230983613243421	-1.0404850029804533	2.0927558993253177	0.37924601563242755	1.8343934261563204	-1.1424706821219923	-1.8573504933917984
1707220113684	5.4181171116515285	-0.5201605381497418	-1.1465167696296827	2.297510509115152	0.3815992986874044	1.8288038320062996	-1.1357088011679974	-2.0380741466646386
1707220114281	5.419097274053465	-0.5162893788088008	-1.2827709254349804	2.560381369727135	0.3919653396066092	1.8330728359175539	-1.4178005408673018	-2.270186108464254
1707220114888	5.417612460044539	-0.5133656143667822	-1.2226304404123196	2.435036630272422	0.40195364308938797	1.839692951427167	
1707220115282	5.4166486763221044	-0.5114678166894258	-1.039392111302709	2.2308656529472466	0.4056785009416457	1.8422017494763006	
1707220115679	5.4154466750136745	-0.5096279811941951	-0.8825585531138038	2.018401849565707	0.4046039272100719	1.844498457966731	-1.1679202323099533	-2.3895796540465257
1707220116080	5.412972501590923	-0.5081648111333692	-0.8381229261640293	1.7556362078291752	0.401867034590069	1.8442587646928557	-1.1286285712545059	-2.213474215851559
1707220116540	5.410134297664576	-0.5064863616870354	-0.7129713307168075	1.5079628691273228	0.40040284684888827	1.84100360099889	-1.041464825742664	-1.9185071557116502
1707220117108	5.40662973281639	-0.5044138415011279	-0.465818281210918	1.1128957735370917	0.399186016059637	1.8394407365406025	-0.7865195125389797	-1.5335459549297958
1707220117517	5.404106199325356	-0.5029214810151486	-0.37623759314644684	0.7601840189104462	0.3975207649733685	1.8373677121600296	-0.6200545850753095	-1.28517623478016
1707220117895	5.40291042509952	-0.5033823314248631	-0.3516531704944102	0.4824829019326642	0.3947856506300209	1.8352793362154958	-0.5495450024271572	-0.9748571493441562
1707220118271	5.402150063438423	-0.5045354794256061	-0.3505643895400509	0.21830397766079682	0.3946950509868259	1.8344223444481682	-0.5094642769405286	-0.7145284523155845
1707220118623	5.4014382355003745	-0.5056150222348119	-0.40783826615106883	0.029594997578205995	0.3977618573304367	1.8366932160048592	-0.49498518101544575	-0.5856865548733257
1707220119282	5.400105580354994	-0.5076360981190933	-0.6970864124502334	-0.12635358858406573	0.402161997795242	1.838884505777403	-0.6047917142364743	-0.19710780432694386
1707220119682	5.399296684970849	-0.5088628513113729	-0.9154597576551271	-0.18388194919444992	0.4005444724555378	1.8380128598410126	-0.8211572235805449	-0.10452386209012121
1707220120103	5.398445322579036	-0.5101540090462471	-1.1076715710996567	-0.25536536867621434	0.39537848857227176	1.835032713609203	-0.6420032704516329	0.7183081474583235
1707220120570	5.397730163189367	-0.5096388652718182	-1.2942157653586206	-0.3323903417956664	0.3952263467200863	1.8399057167147423	
1707220120892	5.397304723392178	-0.5087087998891398	-1.2314134473387983	-0.26338879591262315	0.39569682551597074	1.8513326765429625	
1707220121300	5.396765656816862	-0.5075303319508384	-1.001198772714554	-0.10338985383008735	0.39884590365771566	1.8533346681781422	-1.788165868688298	-1.3658425743273443
1707220121681	5.397989720591955	-0.5083448644955995	-0.7696467746193203	0.05400432541238484	0.4016854869128508	1.8536310050059606	
1707220122279	5.401298900581994	-0.5111619579644895	-0.48090317971306346	0.26878313479692595	0.39977560294316716	1.8513250133823427	
1707220122681	5.401633643485978	-0.5128606358859797	-0.44790021696814225	0.5133321349729212	0.4004007931849405	1.852128704302591	-0.4691192540230268	-0.31900173250857755
1707220123283	5.400382064858996	-0.5148492978367438	-0.6633159067147127	0.8080576983895889	0.3997062141743575	1.8504951659035647	
1707220123675	5.399234496020611	-0.5136372843828252	-0.8850221018493332	0.964059613174455	0.39495372555588215	1.8478138052667894	
1707220124071	5.398122993449832	-0.5124174140282032	-1.0736242001614018	1.1484213798016394	0.39148871867998847	1.8468013184040353	-0.941139519980387	-0.9554512209913948
1707220124597	5.397154285628079	-0.5108450118285177	-1.2813751999146672	1.4254886971782832	0.3909709017614418	1.8472365586960433	-1.118956717065526	-1.1851382978836142
1707220125106	5.396984790982909	-0.5106957923330402	-1.475347869194687	1.6826991170007088	0.3940150649200782	1.848024778844185	-1.3474265434889297	-1.4956619050027817
1707220125503	5.397342435764313	-0.511454832852428	-1.6270456328919591	1.8772078923825721	0.3963312134454884	1.8481275125079408	-1.5724168600811645	-1.6823401326936671
1707220125879	5.397634906092194	-0.5118314564398929	-1.6004006496308847	2.076132330915921	0.39860655809576717	1.8483302178766996	-1.7047851879204825	-1.8588187389528223
1707220126282	5.397926806256411	-0.5120755057490276	-1.5507165106586778	2.2911651469375096	0.40253739828854185	1.843013849682466	-1.7168623104047822	-2.077720116148334
1707220126673	5.396626402379532	-0.5116058346801342	-1.4996211161650663	2.469829778122849	0.41237120472796707	1.832458722718694	-1.6765154927322181	-2.273406168891192
1707220127511	5.39188230409294	-0.5097261830725242	-1.4155745310520622	2.4864634999144246	0.41129758050296905	1.832638504968835	-1.6659569854225582	-2.4848312924079856
1707220127870	5.3899515574869765	-0.5092634066429533	-1.3512544258430301	2.424247438461032	0.4079162266046916	1.832763083289977	
1707220128489	5.386711587754264	-0.508765681520406	-1.1593982658595325	2.16368675191163	0.4079540916471729	1.8312429879554415	-1.610430303385414	-2.434855641212625
1707220128900	5.384560331598941	-0.5084352049043042	-1.032010734755788	1.9906811910524955	0.40713205050501533	1.8319773070359133	-1.428373195267817	-2.3048719377892404
1707220129300	5.383031112977942	-0.5084038645723259	-0.9122404170929899	1.8143709413266902	0.40790038367958203	1.8310201527584669	-1.2156764376011704	-2.1685116036884615
1707220129730	5.381647258361375	-0.5085039151156028	-0.7572013906232402	1.5517900000409492	0.40838950355395287	1.830727374383259	-1.0896629311365276	-1.986290459707376
1707220130564	5.378963224058547	-0.5086979666344236	-0.4560245151266326	1.0398088037884685	0.40624646754012983	1.8381840551921824	-0.8423856357332606	-1.4970548685676188
1707220131031	5.377460293579626	-0.5088066261779356	-0.42149248614614326	0.7850285386058924	0.40392909739898286	1.8434131662603641	-0.6458239995921041	-1.2873034967764345
1707220131285	5.376642853875886	-0.5088657258011733	-0.43634127214899593	0.6406968372961207	0.40190852167944535	1.8461204384477605	-0.5674127617984727	-1.076248000183845
1707220131719	5.37515515820094	-0.5074612499147251	-0.4617128198861536	0.3940828279715498	0.4008583251103712	1.8462275240402481	-0.6138530224509183	-0.8263015111760748
1707220132539	5.370490974002367	-0.506124431901479	-0.5564546636914511	0.05011698341235846	0.4027607128961157	1.842654828263226	-0.6234163721848045	-0.4366372100081267
1707220132868	5.367590864060777	-0.5052352036254473	-0.6139933694809019	-0.036997302822911526	0.4028751809521003	1.8433554724415202	-0.6805674513284488	-0.28960654302935995
1707220133504	5.3612975785157975	-0.5031186536757806	-0.8791698951116764	0.037347548543481046	0.39675154144703106	1.8567727195146966	-0.7524799664979124	-0.12418777016629279
1707220134097	5.355526552876601	-0.5018707869943	-1.154801107110641	0.15142163310875154	0.39734366857939407	1.8581910503974217	
1707220134879	5.353421514040254	-0.501987757576086	-1.3544079603588406	0.47207616277650477	0.39742405569095474	1.8564420232585284	-1.442455955166304	-0.22391675774687747
