Timestamp	10.5.0.115x	y	Distance to master	10.5.11.225x	y	Distance to master	Detect Position x	y
1706868644872	1.717546704568361	0.5197860512294268	2.81959741265929	2.3770622619552912	
1706868645456	1.45859347205413	0.2628391518404609	3.079520443295985	2.5276206689897536	
1706868645888	1.3929971439947837	0.02941650210235977	3.2787329332443345	2.6100493680197467	1.6218696621454285	-0.40910185859139414
1706868646027	1.378176038553718	-0.04785261331164953	3.387419917752789	2.6210235774661665	1.579080876975007	-0.2960876892310602
1706868646295	1.3311891277711725	-0.19130947073623084	3.495197691927793	2.6427845060140145	1.5412260691453739	-0.1499610136991616
1706868646650	1.187919033589276	-0.3570310093054423	3.687094006119736	2.7307912352757997	1.4500772894100546	0.08403914030498383
1706868646846	1.1088177984916656	-0.4485279714450633	3.7754683235633837	2.8069337797073546	1.369555490355164	0.18476303369934266
1706868647042	1.029716563394055	-0.5400249335846843	3.8620717311451047	2.868851674033279	1.2661071497532097	0.29106118039570195
1706868647329	0.9197158605192673	-0.6780139268404785	4.0545167685013705	2.923906162950976	1.1678126953607135	0.38884287579419974
1706868647468	0.8709806350084043	-0.7479709014573505	4.0545167685013705	2.923906162950976	1.0951131757467638	0.4644718969984387
1706868647672	0.7994555558413821	-0.8506415692403857	4.170158638736908	2.9290661193458907	1.0409978765441656	0.5526602767111579
1706868647926	0.7103998200157762	-0.978476616382008	4.365705014147869	2.9805260507273434	0.9771985569656125	0.6544683681273606
1706868648112	0.6406839263659936	-1.0396734906567469	4.365705014147869	2.9805260507273434	0.9219919546329907	0.7805885665667032
1706868648240	0.5891050161034973	-1.0558492905563779	4.457384304697864	3.034505007058601	0.8599440863374066	0.883120445068831
1706868648882	0.2840258400948321	-0.9111575914210961	4.716015250272678	3.1700440948349153	0.6310837730683474	0.9338662751389215
1706868649057	0.1918223413940742	-0.8286211746124256	4.810785407500715	3.165484150206443	0.5166520547012539	0.8834221607149573
1706868649643	-0.012548327508528107	-0.6057235965386017	5.070820827883314	3.1659004585276205	0.3426282367042912	0.7340561210678294
1706868649942	-0.116826194405931	-0.49199257973984184	5.257253880576132	3.20324729338068	0.3030305274964529	0.6189016023578162
1706868650041	-0.13815902975889352	-0.45030810512029207	5.257253880576132	3.20324729338068	0.2240119128538196	0.5742408807716517
1706868650246	-0.1251301460971053	-0.34652943078141946	5.354842122146888	3.2407451106992076	0.143628177409036	0.5495478667294602
1706868650444	-0.10506509758984844	-0.2457532932086544	5.451921459262816	3.26315039267706	0.11261324962001273	0.4877149347188743
1706868651071	0.11484943889397717	0.030503378937523723	5.810652705901427	3.2490117210467586	0.2795959507385044	0.25554518484371114
1706868651260	0.1666419363892139	0.11629562780691124	5.900613738387497	3.25553006236062	0.3149034240660544	0.21097898392894576
1706868651670	0.2568227712970628	0.32460975542403103	6.16148400294565	3.3056706299988043	0.30950389406113743	0.10738624420455967
1706868651896	0.31222819056179957	0.44214163701454595	6.249324805467453	3.300510650169739	
1706868652044	0.3702198438595377	0.5101659747659394	6.308259926124801	3.2638252301085373	0.29357557583950245	-0.16251065985013202
1706868652254	0.45720309204426574	0.6023823927290997	6.3447528402365965	3.1921939329907643	0.3338268965361686	-0.2507030602463485
1706868652672	0.6613384039091641	0.7518813484871881	6.418902905906897	3.0374046765971787	
1706868653021	0.7586122853516122	0.9112396617612895	6.548615640939744	2.8674819500773068	0.6779162840410815	-0.5552254629321991
1706868653288	0.8330309854809349	1.0331556206271493	6.594429629494762	2.7876658076288168	0.7220280314030623	-0.6462400264030963
1706868653470	0.8706139417017921	1.1735285022164468	6.5807015118308785	2.718040260466526	0.7694486208861462	-0.7645582081186395
1706868654263	1.2087114818634526	1.5306967171486792	6.247778130887862	2.5043433177361365	1.0027333199783999	-1.2195833552616233
1706868654481	1.3338645834853684	1.5918412346770798	6.1711547703961145	2.404805753449044	1.1056411148861864	-1.2988535667077525
1706868654969	1.575057392990267	1.7160401513447632	5.904782109256086	2.2561012779771765	1.324963318613411	-1.4271678594806523
1706868655091	1.6347425551833332	1.751252821571118	5.904782109256086	2.2561012779771765	1.3990448476692336	-1.4866102427088854
1706868655248	1.7115505098088368	1.7965674873542141	5.779202455134755	2.2738722849305084	1.4851310332753969	-1.556184710373455
1706868655475	1.8196939879684086	1.8520894237039214	5.665700535401584	2.2823319017233983	1.5699657874200095	-1.641015959008475
1706868655688	1.9009819640888004	1.829454952963381	5.567201925463959	2.2789090099752807	1.6728879818353257	-1.7113027274727455
1706868656108	2.017997733020686	1.6324155710343764	5.377805664954144	2.219098741481967	1.8046657153730696	-1.6963413979824025
1706868656497	2.043882636136787	1.4230391064355539	5.222578456555063	2.217517416933755	1.8973504759887794	-1.5073322234906286
1706868656679	2.0559933106024175	1.3250789096309634	5.180657272200833	2.2248430292521646	1.9052984886492697	-1.407367596499581
1706868656861	2.0681039850680483	1.227118712826373	5.154624992726339	2.208110976932835	1.884368246336831	-1.3184899762991236
1706868657044	2.082536828840101	1.1269747134801504	5.129250040875569	2.1492388653183845	1.9515367485247619	-1.2725198605551051
1706868657244	2.1094772458790305	1.0047494753035242	5.095083747995404	2.044612540287736	1.954870051796359	-1.191567870950798
1706868658001	1.9500608889611213	0.6176047724681896	4.809026776200071	1.9492019459027219	1.945396132695922	-0.9371822537450312
1706868658088	1.9091927046361177	0.5789535188156626	4.809026776200071	1.9492019459027219	1.9329327084832715	-0.8603956382876168
1706868658459	1.7618347533083192	0.4441762857391063	4.656040750884969	1.9880408239331497	
1706868658689	1.683845182769319	0.3282518053666139	4.551281943970042	1.9936642671435487	
1706868659280	1.4878653228873073	0.01669249705748983	4.2397157798611556	2.0424407934987983	
1706868659890	1.2127507098259465	-0.24605722148572245	4.098092134865558	2.3064737669269237	1.4662438062922996	-0.030852302583824542
1706868660548	0.9616530537605286	-0.5212192998992072	3.8923690231702754	2.6642268017755653	1.1922457804693738	0.226357983842858
1706868660891	0.8785506496744707	-0.7011014597475036	3.9312203603631946	2.721250521122315	1.0704412186030796	0.397230526076493
1706868661249	0.7632241938724991	-0.8286058644617884	4.131190117579126	2.786766237006911	0.9602378167471248	0.6357258152536525
1706868661654	0.5721405744552612	-0.8902773559093475	4.325201336702576	2.876241455714769	0.8696386036205053	0.7521212227338543
1706868661964	0.3904454985113119	-0.852301820762475	4.52394269214556	3.0006882883302834	0.7917071813922898	0.7779860093533371
1706868662260	0.24342318424486994	-0.7915903764068578	4.618035402066722	3.0372366614808435	0.5645584164473774	0.7789977903764931
1706868662483	0.14604070066501076	-0.7482885565564765	4.717824990550293	3.0513843069820563	0.48501793784936353	0.765370035399275
1706868662671	0.06394246338692322	-0.7117829864583972	4.827122141368481	3.047406052348978	0.42097026280183325	0.766407466649575
1706868663043	-0.10117203621547434	-0.6295384121846549	5.049577536924319	3.0862747724939186	0.34994108553044967	0.7441516889699082
1706868663158	-0.11903996079028407	-0.5779824847661996	5.124301564055851	3.1240378199489145	0.2690819587984623	0.6986765272740985
1706868663542	-0.1308670150505942	-0.3987411480310351	5.316189422625987	3.251522348570152	0.11410184635621867	0.6325456513252399
1706868663881	-0.04681962273914266	-0.2269432974425522	5.3984417651837	3.289697547420464	0.13391032335931552	0.471292784654187
1706868664070	-0.004529190204433493	-0.13468608364865586	5.490146047257191	3.3101738483417855	0.18375639482016082	0.370430729750578
1706868664512	0.07947387273924135	0.08825488171385759	5.69210643130636	3.3047989732995737	0.25016261399787565	0.24931401745001924
1706868664655	0.10395884091284738	0.1640298637881208	5.774317216197094	3.307459944976711	0.26086835910003536	0.18074148277746538
1706868664865	0.13935236365937476	0.2870749390836972	5.877655625756049	3.329593565270617	0.3086738428376967	0.11399156096317675
1706868665087	0.18645648268727483	0.4122445044783771	6.01957813163031	3.3686588256308836	0.27751439599954386	0.005122024855567897
1706868665479	0.32084679677344785	0.6097552761583045	6.2302600341128915	3.378255924799971	0.2641421592321884	-0.2101665620624038
1706868665673	0.40441074623511386	0.6979828902289399	6.296542775979315	3.3310733672708457	0.3139322954105914	-0.31145310104903756
1706868666051	0.5364246907299512	0.8857132803903867	6.367189927244451	3.1759803875761854	0.4822877779665564	-0.5182843460868378
1706868666631	0.67751034657503	1.243958830833435	6.566156006794192	2.904073819620865	0.5890939389115122	-0.7125660649171675
1706868666737	0.6971724405884743	1.3002909421920776	6.58704708250138	2.8594074538991188	0.6260559990088148	-0.8437612906516803
1706868667054	0.8186075017199538	1.4542023212678972	6.576698874348796	2.795426905606594	0.6988973599977726	-1.120424222107774
1706868667278	0.9389313953755096	1.5033587999544118	6.503576857443422	2.7378649467263747	0.7486769344666286	-1.2015018785214793
1706868668052	1.3617669904176921	1.5563302905239933	6.186497524131787	2.4723474839492896	1.1354722104688353	-1.375763601773353
1706868668448	1.5848951093081771	1.6347739840375966	6.04363890363005	2.330018095184384	1.2928129595192304	-1.4285433456762795
1706868668926	1.8253114053181239	1.8023859870677092	5.720878169080372	2.325199930511582	1.539561198467898	-1.5436073178472682
1706868669286	1.984785626849857	1.9291259010821158	5.6171045472581	2.3303163335607167	1.7362052736551372	-1.6104462250111717
1706868669479	2.055683126099302	1.9999901431996676	5.514232731109825	2.3331815262591196	1.843088127222446	-1.660374701760117
1706868670049	2.1072769713916366	2.3144020416753754	5.175266636911948	2.3228947345266024	2.110509700970202	-1.86443645133313
1706868670295	2.0849962344705966	2.468978535045277	5.063344067340832	2.363216154270771	2.1339626990253997	-1.976280621284223
1706868670654	2.0974809682608018	2.674843506379561	4.830063286615329	2.5005051656588315	2.1094238241506083	-2.2509328761855363
1706868671066	2.1787626869910586	2.9565833944135007	4.603161076381918	2.549191951246291	2.1368576151100678	-2.4701272153116838
1706868671252	2.233577107961199	3.046980066637022	4.484489673495096	2.5367830964419085	2.1925446908816717	-2.6084191434548485
1706868671480	2.301044782002767	3.1580194835662843	4.370499992563382	2.537773134745113	2.2694396275231203	-2.748154148711183
1706868672370	2.5987559353940872	3.381138295585932	3.8744901777649248	2.5054073106654213	2.4170600158348985	-3.1786875774067966
1706868672512	2.6491095743101982	3.3536656317826887	3.8744901777649248	2.5054073106654213	2.465734103464098	-3.287941026607643
1706868672663	2.7026546410449357	3.3244517428088174	3.8328988430098363	2.4143555719545917	2.5319461748661927	-3.3350987168464834
1706868672884	2.78102192414677	3.2816949913967273	3.786034688142075	2.3225902445370945	2.599714988670076	-3.349990167249559
1706868673067	2.8459142897921805	3.246290079593956	3.7270472620796156	2.252876500399457	2.6908045088964387	-3.3094543359648343
1706868673459	2.984918701447923	3.170450049939932	3.5632982733755107	2.1478819046218276	2.836876321091807	-3.14803385256363
1706868673843	3.0992500198859343	3.040890095436236	3.3901259483246817	2.0027238476431353	2.9281715390782197	-3.043978918069159
1706868674085	3.160254686327028	2.9312780970543275	3.3243454758691358	1.8940335465839264	3.0095916390400372	-3.0015191893950157
1706868674247	3.194758043329327	2.856414988753456	3.271760905027529	1.7637083253688912	2.996234006727881	-2.9142640028759716
1706868674453	3.1651312368717526	2.7439704609433355	3.2077978731564576	1.6670895809549866	
1706868674700	3.129607833012428	2.6091461970156673	3.1108781457694477	1.5911411144070304	3.240605181526698	-2.6839140619476844
1706868675061	3.0776890119872604	2.412095349736767	2.872299093907175	1.4551537038625013	
1706868675290	3.044754358206753	2.2870963358119245	2.7690668184068046	1.3989807230621079	3.0012060918663646	-2.5870408689569206
1706868675511	3.012970260016831	2.1664640996661158	2.653207554376218	1.333040959073251	3.0014750935780468	-2.5129370277428196
1706868675711	2.984206370252195	2.057294655190271	2.494080481493572	1.2373448376602856	2.9864901235389607	-2.4243404394396864
1706868676478	2.838300649462075	1.6290533295993148	2.295140920956589	1.4388258148596655	2.9457416228996944	-1.940886881240769
